 1 L: 0 m: 1 R: 2 A[0]=5	 5  5  9  2  6  3  7  1 10  4
 2 L: 0 m: 1 R: 2 A[1]=8	 5  8  9  2  6  3  7  1 10  4
 3 L: 3 m: 4 R: 5 A[3]=2	 5  8  9  2  6  3  7  1 10  4
 4 L: 3 m: 4 R: 5 A[4]=6	 5  8  9  2  6  3  7  1 10  4
 5 L: 2 m: 3 R: 5 A[2]=2	 5  8  2  2  6  3  7  1 10  4
 6 L: 2 m: 3 R: 5 A[3]=6	 5  8  2  6  6  3  7  1 10  4
 7 L: 2 m: 3 R: 5 A[4]=9	 5  8  2  6  9  3  7  1 10  4
 8 L: 0 m: 2 R: 5 A[0]=2	 2  8  2  6  9  3  7  1 10  4
 9 L: 0 m: 2 R: 5 A[1]=5	 2  5  2  6  9  3  7  1 10  4
10 L: 0 m: 2 R: 5 A[2]=6	 2  5  6  6  9  3  7  1 10  4
11 L: 0 m: 2 R: 5 A[3]=8	 2  5  6  8  9  3  7  1 10  4
12 L: 0 m: 2 R: 5 A[4]=9	 2  5  6  8  9  3  7  1 10  4
13 L: 5 m: 6 R: 7 A[5]=3	 2  5  6  8  9  3  7  1 10  4
14 L: 5 m: 6 R: 7 A[6]=7	 2  5  6  8  9  3  7  1 10  4
15 L: 8 m: 9 R:10 A[8]=4	 2  5  6  8  9  3  7  1  4  4
16 L: 8 m: 9 R:10 A[9]=10	 2  5  6  8  9  3  7  1  4 10
17 L: 7 m: 8 R:10 A[7]=1	 2  5  6  8  9  3  7  1  4 10
18 L: 7 m: 8 R:10 A[8]=4	 2  5  6  8  9  3  7  1  4 10
19 L: 7 m: 8 R:10 A[9]=10	 2  5  6  8  9  3  7  1  4 10
20 L: 5 m: 7 R:10 A[5]=1	 2  5  6  8  9  1  7  1  4 10
21 L: 5 m: 7 R:10 A[6]=3	 2  5  6  8  9  1  3  1  4 10
22 L: 5 m: 7 R:10 A[7]=4	 2  5  6  8  9  1  3  4  4 10
23 L: 5 m: 7 R:10 A[8]=7	 2  5  6  8  9  1  3  4  7 10
24 L: 5 m: 7 R:10 A[9]=10	 2  5  6  8  9  1  3  4  7 10
25 L: 0 m: 5 R:10 A[0]=1	 1  5  6  8  9  1  3  4  7 10
26 L: 0 m: 5 R:10 A[1]=2	 1  2  6  8  9  1  3  4  7 10
27 L: 0 m: 5 R:10 A[2]=3	 1  2  3  8  9  1  3  4  7 10
28 L: 0 m: 5 R:10 A[3]=4	 1  2  3  4  9  1  3  4  7 10
29 L: 0 m: 5 R:10 A[4]=5	 1  2  3  4  5  1  3  4  7 10
30 L: 0 m: 5 R:10 A[5]=6	 1  2  3  4  5  6  3  4  7 10
31 L: 0 m: 5 R:10 A[6]=7	 1  2  3  4  5  6  7  4  7 10
32 L: 0 m: 5 R:10 A[7]=8	 1  2  3  4  5  6  7  8  7 10
33 L: 0 m: 5 R:10 A[8]=9	 1  2  3  4  5  6  7  8  9 10
34 L: 0 m: 5 R:10 A[9]=10	 1  2  3  4  5  6  7  8  9 10
1 2 3 4 5 6 7 8 9 10
34
