 1 L: 0 m: 1 R: 2 A[0]=0	 0  3  3  2  9  0  8  2  6  6
 2 L: 0 m: 1 R: 2 A[1]=3	 0  3  3  2  9  0  8  2  6  6
 3 L: 3 m: 4 R: 5 A[3]=2	 0  3  3  2  9  0  8  2  6  6
 4 L: 3 m: 4 R: 5 A[4]=9	 0  3  3  2  9  0  8  2  6  6
 5 L: 2 m: 3 R: 5 A[2]=2	 0  3  2  2  9  0  8  2  6  6
 6 L: 2 m: 3 R: 5 A[3]=3	 0  3  2  3  9  0  8  2  6  6
 7 L: 2 m: 3 R: 5 A[4]=9	 0  3  2  3  9  0  8  2  6  6
 8 L: 0 m: 2 R: 5 A[0]=0	 0  3  2  3  9  0  8  2  6  6
 9 L: 0 m: 2 R: 5 A[1]=2	 0  2  2  3  9  0  8  2  6  6
10 L: 0 m: 2 R: 5 A[2]=3	 0  2  3  3  9  0  8  2  6  6
11 L: 0 m: 2 R: 5 A[3]=3	 0  2  3  3  9  0  8  2  6  6
12 L: 0 m: 2 R: 5 A[4]=9	 0  2  3  3  9  0  8  2  6  6
13 L: 5 m: 6 R: 7 A[5]=0	 0  2  3  3  9  0  8  2  6  6
14 L: 5 m: 6 R: 7 A[6]=8	 0  2  3  3  9  0  8  2  6  6
15 L: 8 m: 9 R:10 A[8]=6	 0  2  3  3  9  0  8  2  6  6
16 L: 8 m: 9 R:10 A[9]=6	 0  2  3  3  9  0  8  2  6  6
17 L: 7 m: 8 R:10 A[7]=2	 0  2  3  3  9  0  8  2  6  6
18 L: 7 m: 8 R:10 A[8]=6	 0  2  3  3  9  0  8  2  6  6
19 L: 7 m: 8 R:10 A[9]=6	 0  2  3  3  9  0  8  2  6  6
20 L: 5 m: 7 R:10 A[5]=0	 0  2  3  3  9  0  8  2  6  6
21 L: 5 m: 7 R:10 A[6]=2	 0  2  3  3  9  0  2  2  6  6
22 L: 5 m: 7 R:10 A[7]=6	 0  2  3  3  9  0  2  6  6  6
23 L: 5 m: 7 R:10 A[8]=6	 0  2  3  3  9  0  2  6  6  6
24 L: 5 m: 7 R:10 A[9]=8	 0  2  3  3  9  0  2  6  6  8
25 L: 0 m: 5 R:10 A[0]=0	 0  2  3  3  9  0  2  6  6  8
26 L: 0 m: 5 R:10 A[1]=0	 0  0  3  3  9  0  2  6  6  8
27 L: 0 m: 5 R:10 A[2]=2	 0  0  2  3  9  0  2  6  6  8
28 L: 0 m: 5 R:10 A[3]=2	 0  0  2  2  9  0  2  6  6  8
29 L: 0 m: 5 R:10 A[4]=3	 0  0  2  2  3  0  2  6  6  8
30 L: 0 m: 5 R:10 A[5]=3	 0  0  2  2  3  3  2  6  6  8
31 L: 0 m: 5 R:10 A[6]=6	 0  0  2  2  3  3  6  6  6  8
32 L: 0 m: 5 R:10 A[7]=6	 0  0  2  2  3  3  6  6  6  8
33 L: 0 m: 5 R:10 A[8]=8	 0  0  2  2  3  3  6  6  8  8
34 L: 0 m: 5 R:10 A[9]=9	 0  0  2  2  3  3  6  6  8  9
0 0 2 2 3 3 6 6 8 9
34
